3491.536 0
3560.02521 ThI
3588.4407 0
3719.4347 0
3803.075 0
3828.38451 ThI
3839.69499 ThI
3851.1582 ThI
3874.2436 ThI
4052.9208 0
4071.9967 0
4131.7235 0
4158.5905 0
4190.713 ArI
4199.63100 ThI 
4210.923030 ThI 
4228.1577 ArII 
4236.3898 ThI 
4250.31448 ThI 
4259.362 ArI 
4277.5282 0
4299.83922 ThI 
4348.064 0
4474.7591 ArII
4481.8107 0
4493.333 ThI 
4510.7332 0
4545.0519 0
4579.3495 0
4589.8978 0
4609.5673 0
4657.9012 0
4673.66093 ThI
4703.9898 0
4764.8646 0
4778.29386 ThI
4789.38676 ThI
4879.8635 0
4965.0795 0
5017.1628 0
5187.7462 0
5231.1597 0
5312.078 ArII
5343.5812 0
